1.000000, 0.000000, 0.000000
1.000000, 0.000000, 0.000000
1.000000, 0.000000, 0.000000
1.000000, 0.000000, 0.000000
1.000000, 0.000000, 0.000000
1.000000, 0.000000, 0.000000
1.000000, 0.000000, 0.000000
1.000000, 0.000000, 0.000000
1.000000, 0.000000, 0.000000
1.000000, 0.000000, 0.000000
1.000000, 0.000000, 0.000000
1.000000, 0.000000, 0.000000
1.000000, 0.000000, 0.000000
1.000000, 0.000000, 0.000000
1.000000, 0.000000, 0.000000
1.000000, 0.000000, 0.000000
1.000000, 0.000000, 0.000000
1.000000, 0.000000, 0.000000
1.000000, 0.000000, 0.000000
0.945817, 0.324699, 0.000000
0.945817, 0.324699, 0.000000
0.945817, 0.324699, 0.000000
0.945817, 0.324699, 0.000000
0.945817, 0.324699, 0.000000
0.945817, 0.324699, 0.000000
0.945817, 0.324699, 0.000000
0.945817, 0.324699, 0.000000
0.945817, 0.324699, 0.000000
0.945817, 0.324699, 0.000000
0.945817, 0.324699, 0.000000
0.945817, 0.324699, 0.000000
0.945817, 0.324699, 0.000000
0.945817, 0.324699, 0.000000
0.945817, 0.324699, 0.000000
0.945817, 0.324699, 0.000000
0.945817, 0.324699, 0.000000
0.945817, 0.324699, 0.000000
0.945817, 0.324699, 0.000000
0.735724, 0.677282, 0.000000
0.735724, 0.677282, 0.000000
0.735724, 0.677282, 0.000000
0.735724, 0.677282, 0.000000
0.735724, 0.677282, 0.000000
0.735724, 0.677282, 0.000000
0.735724, 0.677282, 0.000000
0.735724, 0.677282, 0.000000
0.735724, 0.677282, 0.000000
0.735724, 0.677282, 0.000000
0.735724, 0.677282, 0.000000
0.735724, 0.677282, 0.000000
0.735724, 0.677282, 0.000000
0.735724, 0.677282, 0.000000
0.735724, 0.677282, 0.000000
0.735724, 0.677282, 0.000000
0.735724, 0.677282, 0.000000
0.735724, 0.677282, 0.000000
0.735724, 0.677282, 0.000000
1.000000, 0.000000, 0.000000
1.000000, 0.000000, 0.000000
1.000000, 0.000000, 0.000000
1.000000, 0.000000, 0.000000
1.000000, 0.000000, 0.000000
1.000000, 0.000000, 0.000000
1.000000, 0.000000, 0.000000
1.000000, 0.000000, 0.000000
1.000000, 0.000000, 0.000000
1.000000, 0.000000, 0.000000
1.000000, 0.000000, 0.000000
1.000000, 0.000000, 0.000000
1.000000, 0.000000, 0.000000
1.000000, 0.000000, 0.000000
1.000000, 0.000000, 0.000000
1.000000, 0.000000, 0.000000
1.000000, 0.000000, 0.000000
1.000000, 0.000000, 0.000000
1.000000, 0.000000, 0.000000
0.707107, 0.707107, 0.000000 ; ( 1.000000 ,1)
0.894427, 0.447214, 0.000000 ; ( 2.000000 ,1.000000)
0.948683, 0.316228, 0.000000 ; ( 3.000000 ,1)
0.980581, 0.196116, 0.000000 ; ( 5.000000 ,1)
0.989949, 0.141421, 0.000000 ; ( 7.000000 ,1)
0.993884, 0.110432, 0.000000 ; ( 9.000000 ,1)
0.995893, 0.090536, 0.000000 ; ( 10.999999 ,1)
0.997055, 0.076697, 0.000000 ; ( 13.000000 ,1)
0.997459, 0.071247, 0.000000
0.997785, 0.066519, 0.000000 ; ( 15.000000 ,1)
0.998053, 0.062378, 0.000000
0.998274, 0.058722, 0.000000 ; ( 17.000000 ,1)
0.998460, 0.055470, 0.000000
0.998618, 0.052559, 0.000000 ; ( 19.000000 ,1)
0.998752, 0.049938, 0.000000
0.707107, 0.707107, 0.000000 ; ( 1.000000 ,1)
0.832050, 0.554700, 0.000000 ; ( 3.000000 ,2.000000)
0.894427, 0.447214, 0.000000 ; ( 2.000000 ,1.000000)
0.948683, 0.316228, 0.000000 ; ( 3.000000 ,1)
0.980581, 0.196116, 0.000000 ; ( 5.000000 ,1)
0.989949, 0.141421, 0.000000 ; ( 7.000000 ,1)
0.993884, 0.110432, 0.000000 ; ( 9.000000 ,1)
0.707107, 0.707107, 0.000000 ; ( 1.000000 ,1)
0.800000, 0.600000, 0.000000 ; ( 4.000000 ,3.000000)
0.894427, 0.447214, 0.000000 ; ( 2.000000 ,1.000000)
0.948683, 0.316228, 0.000000 ; ( 3.000000 ,1)
0.980581, 0.196116, 0.000000 ; ( 5.000000 ,1)
0.988936, 0.148340, 0.000000
0.989949, 0.141421, 0.000000 ; ( 7.000000 ,1)
0.707107, 0.707107, 0.000000 ; ( 1.000000 ,1)
0.780869, 0.624695, 0.000000 ; ( 5.000001 ,4.000001)
0.832050, 0.554700, 0.000000 ; ( 3.000000 ,2.000000)
0.894427, 0.447214, 0.000000 ; ( 2.000000 ,1.000000)
0.948683, 0.316228, 0.000000 ; ( 3.000000 ,1)
0.980581, 0.196116, 0.000000 ; ( 5.000000 ,1)
0.982339, 0.187112, 0.000000
0.707107, 0.707107, 0.000000 ; ( 1.000000 ,1)
0.768221, 0.640184, 0.000000 ; ( 6.000001 ,5.000001)
0.894427, 0.447214, 0.000000 ; ( 2.000000 ,1.000000)
0.948683, 0.316228, 0.000000 ; ( 3.000000 ,1)
0.707107, 0.707107, 0.000000 ; ( 1.000000 ,1)
0.759257, 0.650791, 0.000000 ; ( 6.999999 ,5.999999)
0.800000, 0.600000, 0.000000 ; ( 4.000000 ,3.000000)
0.832050, 0.554700, 0.000000 ; ( 3.000000 ,2.000000)
0.894427, 0.447214, 0.000000 ; ( 2.000000 ,1.000000)
0.948683, 0.316228, 0.000000 ; ( 3.000000 ,1)
0.953583, 0.301131, 0.000000
0.707107, 0.707107, 0.000000 ; ( 1.000000 ,1)
0.752577, 0.658505, 0.000000 ; ( 7.999999 ,6.999999)
0.894427, 0.447214, 0.000000 ; ( 2.000000 ,1.000000)
0.948683, 0.316228, 0.000000 ; ( 3.000000 ,1)
0.952926, 0.303204, 0.000000
0.707107, 0.707107, 0.000000 ; ( 1.000000 ,1)
0.747409, 0.664364, 0.000000 ; ( 9.000000 ,8.000000)
0.780869, 0.624695, 0.000000 ; ( 5.000001 ,4.000001)
0.832050, 0.554700, 0.000000 ; ( 3.000000 ,2.000000)
0.894427, 0.447214, 0.000000 ; ( 2.000000 ,1.000000)
0.948683, 0.316228, 0.000000 ; ( 3.000000 ,1)
0.952424, 0.304776, 0.000000
0.707107, 0.707107, 0.000000 ; ( 1.000000 ,1)
0.743294, 0.668965, 0.000000 ; ( 9.999997 ,8.999997)
0.800000, 0.600000, 0.000000 ; ( 4.000000 ,3.000000)
0.894427, 0.447214, 0.000000 ; ( 2.000000 ,1.000000)
0.944986, 0.327111, 0.000000
0.948683, 0.316228, 0.000000 ; ( 3.000000 ,1)
0.952029, 0.306009, 0.000000
0.707107, 0.707107, 0.000000 ; ( 1.000000 ,1)
0.739940, 0.672673, 0.000000 ; ( 11.000007 ,10.000007)
0.768221, 0.640184, 0.000000 ; ( 6.000001 ,5.000001)
0.832050, 0.554700, 0.000000 ; ( 3.000000 ,2.000000)
0.894427, 0.447214, 0.000000 ; ( 2.000000 ,1.000000)
0.945373, 0.325991, 0.000000
0.707107, 0.707107, 0.000000 ; ( 1.000000 ,1)
0.737154, 0.675725, 0.000000 ; ( 11.999991 ,10.999991)
0.894427, 0.447214, 0.000000 ; ( 2.000000 ,1.000000)
0.707107, 0.707107, 0.000000 ; ( 1.000000 ,1)
0.734803, 0.678280, 0.000000 ; ( 12.999990 ,11.999990)
0.759257, 0.650791, 0.000000 ; ( 6.999999 ,5.999999)
0.780869, 0.624695, 0.000000 ; ( 5.000000 ,4.000000)
0.800000, 0.600000, 0.000000 ; ( 4.000000 ,3.000000)
0.832050, 0.554700, 0.000000 ; ( 3.000000 ,2.000000)
0.886585, 0.462566, 0.000000
0.894427, 0.447214, 0.000000 ; ( 2.000000 ,1.000000)
0.707107, 0.707107, 0.000000 ; ( 1.000000 ,1)
0.732794, 0.680451, 0.000000 ; ( 13.999994 ,12.999994)
0.755689, 0.654931, 0.000000
0.887217, 0.461353, 0.000000
0.894427, 0.447214, 0.000000 ; ( 2.000000 ,1.000000)
0.707107, 0.707107, 0.000000 ; ( 1.000000 ,1)
0.731055, 0.682318, 0.000000 ; ( 14.999991 ,13.999991)
0.752577, 0.658505, 0.000000 ; ( 7.999999 ,6.999999)
0.832050, 0.554700, 0.000000 ; ( 3.000000 ,2.000000)
0.887755, 0.460317, 0.000000
0.894427, 0.447214, 0.000000 ; ( 2.000000 ,1.000000)
0.707107, 0.707107, 0.000000 ; ( 1.000000 ,1)
0.729537, 0.683941, 0.000000 ; ( 16.000004 ,15.000004)
0.749838, 0.661622, 0.000000
0.768221, 0.640184, 0.000000 ; ( 6.000001 ,5.000001)
0.800000, 0.600000, 0.000000 ; ( 4.000000 ,3.000000)
0.826227, 0.563337, 0.000000
0.888218, 0.459423, 0.000000
0.894427, 0.447214, 0.000000 ; ( 2.000000 ,1.000000)
0.707107, 0.707107, 0.000000 ; ( 1.000000 ,1)
0.728200, 0.685365, 0.000000 ; ( 17.000000 ,15.999999)
0.747409, 0.664364, 0.000000 ; ( 9.000000 ,8.000000)
0.780869, 0.624695, 0.000000 ; ( 5.000001 ,4.000001)
0.832050, 0.554700, 0.000000 ; ( 3.000000 ,2.000000)
0.888621, 0.458643, 0.000000
0.894427, 0.447214, 0.000000 ; ( 2.000000 ,1.000000)
0.707107, 0.707107, 0.000000 ; ( 1.000000 ,1)
0.727013, 0.686624, 0.000000 ; ( 17.999983 ,16.999983)
0.745241, 0.666795, 0.000000
0.804176, 0.594391, 0.000000
0.826926, 0.562310, 0.000000
0.888975, 0.457957, 0.000000
0.894427, 0.447214, 0.000000 ; ( 2.000000 ,1.000000)
0.899508, 0.436904, 0.000000
0.707107, 0.707107, 0.000000 ; ( 1.000000 ,1)
0.725953, 0.687745, 0.000000 ; ( 19.000013 ,18.000013)
0.743294, 0.668965, 0.000000 ; ( 9.999997 ,8.999997)
0.759257, 0.650791, 0.000000 ; ( 6.999999 ,5.999999)
0.800000, 0.600000, 0.000000 ; ( 4.000000 ,3.000000)
0.832050, 0.554700, 0.000000 ; ( 3.000000 ,2.000000)
0.889288, 0.457348, 0.000000
0.894427, 0.447214, 0.000000 ; ( 2.000000 ,1.000000)
0.899235, 0.437466, 0.000000
0.707107, 0.707107, 0.000000 ; ( 1.000000 ,1)
0.724999, 0.688749, 0.000000 ; ( 19.999987 ,18.999987)
0.741536, 0.670913, 0.000000
0.756823, 0.653620, 0.000000
0.827476, 0.561501, 0.000000
0.889567, 0.456805, 0.000000
0.894427, 0.447214, 0.000000 ; ( 2.000000 ,1.000000)
1.000000, 0.000000, 0.000000
1.000000, 0.000000, 0.000000
0.894427, 0.447214, 0.000000 ; ( 2.000000 ,1.000000)
1.000000, 0.000000, 0.000000
0.948683, 0.316228, 0.000000 ; ( 3.000000 ,1)
0.832050, 0.554700, 0.000000 ; ( 3.000000 ,2.000000)
1.000000, 0.000000, 0.000000
0.894427, 0.447214, 0.000000 ; ( 2.000000 ,1.000000)
0.800000, 0.600000, 0.000000 ; ( 4.000000 ,3.000000)
1.000000, 0.000000, 0.000000
0.980581, 0.196116, 0.000000 ; ( 5.000000 ,1)
0.780869, 0.624695, 0.000000 ; ( 5.000001 ,4.000001)
1.000000, 0.000000, 0.000000
0.948683, 0.316228, 0.000000 ; ( 3.000000 ,1)
0.894427, 0.447214, 0.000000 ; ( 2.000000 ,1.000000)
0.832050, 0.554700, 0.000000 ; ( 3.000000 ,2.000000)
0.768221, 0.640184, 0.000000 ; ( 6.000001 ,5.000001)
1.000000, 0.000000, 0.000000
0.989949, 0.141421, 0.000000 ; ( 7.000000 ,1)
0.759257, 0.650791, 0.000000 ; ( 6.999999 ,5.999999)
1.000000, 0.000000, 0.000000
0.894427, 0.447214, 0.000000 ; ( 2.000000 ,1.000000)
0.800000, 0.600000, 0.000000 ; ( 4.000000 ,3.000000)
0.752577, 0.658505, 0.000000 ; ( 7.999999 ,6.999999)
1.000000, 0.000000, 0.000000
0.993884, 0.110432, 0.000000 ; ( 9.000000 ,1)
0.948683, 0.316228, 0.000000 ; ( 3.000000 ,1)
0.832050, 0.554700, 0.000000 ; ( 3.000000 ,2.000000)
0.747409, 0.664364, 0.000000 ; ( 9.000000 ,8.000000)
1.000000, 0.000000, 0.000000
0.980581, 0.196116, 0.000000 ; ( 5.000000 ,1)
0.894427, 0.447214, 0.000000 ; ( 2.000000 ,1.000000)
0.780869, 0.624695, 0.000000 ; ( 5.000001 ,4.000001)
0.743294, 0.668965, 0.000000 ; ( 9.999997 ,8.999997)
1.000000, 0.000000, 0.000000
0.995893, 0.090536, 0.000000 ; ( 10.999999 ,1)
0.739940, 0.672673, 0.000000 ; ( 11.000007 ,10.000007)
1.000000, 0.000000, 0.000000
0.948683, 0.316228, 0.000000 ; ( 3.000000 ,1)
0.894427, 0.447214, 0.000000 ; ( 2.000000 ,1.000000)
0.832050, 0.554700, 0.000000 ; ( 3.000000 ,2.000000)
0.800000, 0.600000, 0.000000 ; ( 4.000000 ,3.000000)
0.768221, 0.640184, 0.000000 ; ( 6.000001 ,5.000001)
0.737154, 0.675725, 0.000000 ; ( 11.999991 ,10.999991)
1.000000, 0.000000, 0.000000
0.997055, 0.076697, 0.000000 ; ( 13.000000 ,1)
0.734803, 0.678280, 0.000000 ; ( 12.999990 ,11.999990)
1.000000, 0.000000, 0.000000
0.997459, 0.071247, 0.000000
0.989949, 0.141421, 0.000000 ; ( 7.000000 ,1)
0.894427, 0.447214, 0.000000 ; ( 2.000000 ,1.000000)
0.759257, 0.650791, 0.000000 ; ( 6.999999 ,5.999999)
0.732794, 0.680451, 0.000000 ; ( 13.999994 ,12.999994)
1.000000, 0.000000, 0.000000
0.997785, 0.066519, 0.000000 ; ( 15.000000 ,1)
0.980581, 0.196116, 0.000000 ; ( 5.000000 ,1)
0.948683, 0.316228, 0.000000 ; ( 3.000000 ,1)
0.832050, 0.554700, 0.000000 ; ( 3.000000 ,2.000000)
0.780869, 0.624695, 0.000000 ; ( 5.000000 ,4.000000)
0.755689, 0.654931, 0.000000
0.731055, 0.682318, 0.000000 ; ( 14.999991 ,13.999991)
1.000000, 0.000000, 0.000000
0.998053, 0.062378, 0.000000
0.894427, 0.447214, 0.000000 ; ( 2.000000 ,1.000000)
0.800000, 0.600000, 0.000000 ; ( 4.000000 ,3.000000)
0.752577, 0.658505, 0.000000 ; ( 7.999999 ,6.999999)
0.729537, 0.683941, 0.000000 ; ( 16.000004 ,15.000004)
1.000000, 0.000000, 0.000000
0.998274, 0.058722, 0.000000 ; ( 17.000000 ,1)
0.749838, 0.661622, 0.000000
0.728200, 0.685365, 0.000000 ; ( 17.000000 ,15.999999)
1.000000, 0.000000, 0.000000
0.998460, 0.055470, 0.000000
0.993884, 0.110432, 0.000000 ; ( 9.000000 ,1)
0.948683, 0.316228, 0.000000 ; ( 3.000000 ,1)
0.894427, 0.447214, 0.000000 ; ( 2.000000 ,1.000000)
0.832050, 0.554700, 0.000000 ; ( 3.000000 ,2.000000)
0.768221, 0.640184, 0.000000 ; ( 6.000001 ,5.000001)
0.747409, 0.664364, 0.000000 ; ( 9.000000 ,8.000000)
0.727013, 0.686624, 0.000000 ; ( 17.999983 ,16.999983)
1.000000, 0.000000, 0.000000
0.998618, 0.052559, 0.000000 ; ( 19.000000 ,1)
0.953583, 0.301131, 0.000000
0.745241, 0.666795, 0.000000
0.725953, 0.687745, 0.000000 ; ( 19.000013 ,18.000013)
